0.00,2601,0.000000,0.000000,0.000000,0.000000,0.000000,0.000000,0.000000,1,FALSE
0.00,2602,-30.000000,-50.000000,2.000000,7.000000,0.000000,0.000000,0.785398,7,FALSE
0.00,2603,-50.000000,40.000000,0.000000,8.000000,0.000000,0.000000,4.712389,6,FALSE
0.00,2604,50.000000,75.000000,-9.000000,4.000000,0.000000,0.000000,3.141593,8,FALSE
0.50,2601,0.000000,0.000000,0.000000,0.000000,0.000000,0.000000,0.000000,1,FALSE
0.50,2602,-29.000000,-46.500000,1.614128,6.356880,-0.771744,-1.286239,0.785398,7,FALSE
0.50,2603,-50.000000,44.000000,0.780869,7.375305,1.561738,-1.249390,4.712389,6,FALSE
0.50,2604,45.500000,77.000000,-8.730134,3.037102,0.539732,-1.925796,3.141593,8,FALSE
1.00,2601,0.000000,0.000000,0.000000,0.000000,0.000000,0.000000,0.000000,1,FALSE
1.00,2602,-28.192936,-43.321560,1.217244,5.720497,-0.793768,-1.272766,0.785398,7,FALSE
1.00,2603,-49.609566,47.687652,1.531582,6.714677,1.501427,-1.321256,4.712389,6,FALSE
1.00,2604,41.134933,78.518551,-8.431609,2.082700,0.597050,-1.908804,3.141593,8,FALSE
1.50,2601,0.000000,0.000000,0.000000,0.000000,0.000000,0.000000,0.000000,1,FALSE
1.50,2602,-27.584314,-40.461311,0.808157,5.091890,-0.818174,-1.257215,0.785398,7,FALSE
1.50,2603,-48.843774,51.044991,2.252516,6.021673,1.441867,-1.386008,4.712389,6,FALSE
1.50,2604,36.919129,79.559901,-8.104204,1.137816,0.654810,-1.889768,3.141593,8,FALSE
2.00,2601,0.000000,0.000000,0.000000,0.000000,0.000000,0.000000,0.000000,1,FALSE
2.00,2602,-27.180235,-37.915366,0.385685,4.472198,-0.844944,-1.239383,0.785398,7,FALSE
2.00,2603,-47.717516,54.055827,2.943873,5.299159,1.382713,-1.445027,4.712389,6,FALSE
2.00,2604,32.867027,80.128809,-7.747740,0.203507,0.712928,-1.868618,3.141593,8,FALSE
2.50,2601,0.000000,0.000000,0.000000,0.000000,0.000000,0.000000,0.000000,1,FALSE
2.50,2602,-26.987393,-35.679267,-0.051284,3.862643,-0.873939,-1.219111,0.785398,7,FALSE
2.50,2603,-46.245580,56.705407,3.605660,4.549467,1.323574,-1.499384,4.712389,6,FALSE
2.50,2604,28.993157,80.230563,-7.362042,-0.719118,0.771397,-1.845250,3.141593,8,FALSE
3.00,2601,0.000000,0.000000,0.000000,0.000000,0.000000,0.000000,0.000000,1,FALSE
3.00,2602,-27.013035,-33.747946,-0.503726,3.264482,-0.904884,-1.196321,0.785398,7,FALSE
3.00,2603,-44.442750,58.980141,4.237671,3.774508,1.264022,-1.549919,4.712389,6,FALSE
3.00,2604,25.312136,79.871004,-6.946902,-1.628875,0.830279,-1.819515,3.141593,8,FALSE
3.50,2601,0.000000,0.000000,0.000000,0.000000,0.000000,0.000000,0.000000,1,FALSE
3.50,2602,-27.264898,-32.115705,-0.972403,2.678955,-0.937353,-1.171055,0.785398,7,FALSE
3.50,2603,-42.323915,60.867395,4.839469,2.975860,1.203596,-1.597297,4.712389,6,FALSE
3.50,2604,21.838685,79.056566,-6.502054,-2.524482,0.889695,-1.791213,3.141593,8,FALSE
4.00,2601,0.000000,0.000000,0.000000,0.000000,0.000000,0.000000,0.000000,1,FALSE
4.00,2602,-27.751099,-30.776227,-1.457793,2.107207,-0.970781,-1.143497,0.785398,7,FALSE
4.00,2603,-39.904181,62.355325,5.410364,2.154837,1.141790,-1.642046,4.712389,6,FALSE
4.00,2604,18.587658,77.794325,-6.027142,-3.404515,0.949826,-1.760066,3.141593,8,FALSE
4.50,2601,0.000000,0.000000,0.000000,0.000000,0.000000,0.000000,0.000000,1,FALSE
4.50,2602,-28.479996,-29.722624,-1.960042,1.550209,-1.004496,-1.113996,0.785398,7,FALSE
4.50,2603,-37.198999,63.432743,5.949387,1.312545,1.078046,-1.684582,4.712389,6,FALSE
4.50,2604,15.574087,76.092068,-5.521687,-4.267368,1.010910,-1.725706,3.141593,8,FALSE
5.00,2601,0.000000,0.000000,0.000000,0.000000,0.000000,0.000000,0.000000,1,FALSE
5.00,2602,-29.460017,-28.947520,-2.478931,1.008679,-1.037779,-1.083058,0.785398,7,FALSE
5.00,2603,-34.224306,64.089016,6.455251,0.449932,1.011728,-1.725226,4.712389,6,FALSE
5.00,2604,12.813244,73.958384,-4.985059,-5.111187,1.073255,-1.687638,3.141593,8,FALSE
5.50,2601,0.000000,0.000000,0.000000,0.000000,0.000000,0.000000,0.000000,1,FALSE
5.50,2602,-30.699482,-28.443180,-3.013894,0.483023,-1.069926,-1.051313,0.785398,7,FALSE
5.50,2603,-30.996680,64.313982,6.926305,-0.432172,0.942109,-1.764208,4.712389,6,FALSE
5.50,2604,10.320714,71.402791,-4.416430,-5.933781,1.137259,-1.645188,3.141593,8,FALSE
6.00,2601,0.000000,0.000000,0.000000,0.000000,0.000000,0.000000,0.000000,1,FALSE
6.00,2602,-32.206429,-28.201668,-3.564056,-0.026704,-1.100324,-1.019454,0.785398,7,FALSE
6.00,2603,-27.533528,64.097896,7.360469,-1.333006,0.868329,-1.801667,4.712389,6,FALSE
6.00,2604,8.112499,68.435900,-3.814709,-6.732487,1.203441,-1.597414,3.141593,8,FALSE
6.50,2601,0.000000,0.000000,0.000000,0.000000,0.000000,0.000000,0.000000,1,FALSE
6.50,2602,-33.988457,-28.215020,-4.128306,-0.520791,-1.128500,-0.988174,0.785398,7,FALSE
6.50,2603,-23.853293,63.431393,7.682683,-2.230781,0.789364,-1.837635,4.712389,6,FALSE
6.50,2604,6.205145,65.069657,-3.178441,-7.503956,1.272536,-1.542936,3.141593,8,FALSE
7.00,2601,0.000000,0.000000,0.000000,0.000000,0.000000,0.000000,0.000000,1,FALSE
7.00,2602,-36.052610,-28.475416,-4.705378,-0.999840,-1.154145,-0.958097,0.785398,7,FALSE
7.00,2603,-20.011952,62.316003,7.442757,-2.933491,0.703968,-1.872012,4.712389,6,FALSE
7.00,2604,4.615924,61.317679,-2.505594,-8.243737,1.345695,-1.479563,3.141593,8,FALSE
7.50,2601,0.000000,0.000000,0.000000,0.000000,0.000000,0.000000,0.000000,1,FALSE
7.50,2602,-38.405299,-28.975336,-5.293938,-1.464702,-1.177120,-0.929724,0.785398,7,FALSE
7.50,2603,-16.290573,60.849257,7.151225,-3.586082,0.611514,-1.904219,4.712389,6,FALSE
7.50,2604,3.363127,57.195810,-1.793051,-8.945365,1.425086,-1.403257,3.141593,8,FALSE
8.00,2601,0.000000,0.000000,0.000000,0.000000,0.000000,0.000000,0.000000,1,FALSE
8.00,2602,-41.052268,-29.707687,-5.892654,-1.916410,-1.197431,-0.903416,0.785398,7,FALSE
8.00,2603,-12.714961,59.056216,6.816483,-4.187549,0.517225,-1.931962,4.712389,6,FALSE
8.00,2604,2.466601,52.723128,-1.190020,-9.464061,1.206063,-1.037392,3.141593,8,FALSE
8.50,2601,0.000000,0.000000,0.000000,0.000000,0.000000,0.000000,0.000000,1,FALSE
8.50,2602,-43.998595,-30.665892,-6.500249,-2.356100,-1.215192,-0.879380,0.785398,7,FALSE
8.50,2603,-9.306720,56.962442,6.445968,-4.738090,0.420959,-1.955197,4.712389,6,FALSE
8.50,2604,1.871592,47.991097,-0.828675,-9.726568,0.722690,-0.525013,3.141593,8,FALSE
9.00,2601,0.000000,0.000000,0.000000,0.000000,0.000000,0.000000,0.000000,1,FALSE
9.00,2602,-47.248719,-31.843942,-7.115547,-2.784946,-1.230595,-0.857693,0.785398,7,FALSE
9.00,2603,-6.083735,54.593397,6.046078,-5.238792,0.322491,-1.973829,4.712389,6,FALSE
9.00,2604,1.457254,43.127813,-0.609183,-9.859486,0.438984,-0.265836,3.141593,8,FALSE
9.50,2601,0.000000,0.000000,0.000000,0.000000,0.000000,0.000000,0.000000,1,FALSE
9.50,2602,-50.806493,-33.236415,-7.391327,-3.060765,-1.243870,-0.838324,0.785398,7,FALSE
9.50,2603,-3.060696,51.974001,5.622135,-5.691362,0.221503,-1.987696,4.712389,6,FALSE
9.50,2604,1.152663,38.198070,-0.473441,-9.926891,0.271484,-0.134810,3.141593,8,FALSE
10.00,2601,0.000000,0.000000,0.000000,0.000000,0.000000,0.000000,0.000000,1,FALSE
10.00,2602,-54.502156,-34.766797,-7.341625,-3.178134,-1.255264,-0.821165,0.785398,7,FALSE
10.00,2603,-0.249629,49.128320,5.178400,-6.097882,0.117574,-1.996541,4.712389,6,FALSE
10.00,2604,0.915942,33.234625,-0.387532,-9.961171,0.171819,-0.068559,3.141593,8,FALSE
10.50,2601,0.000000,0.000000,0.000000,0.000000,0.000000,0.000000,0.000000,1,FALSE
10.50,2602,-58.172969,-36.355864,-7.297695,-3.277750,-1.264613,-0.806694,0.785398,7,FALSE
10.50,2603,2.339571,46.079379,4.718101,-6.460613,0.010162,-1.999974,4.712389,6,FALSE
10.50,2604,0.722177,28.254039,-0.331513,-9.978688,0.112037,-0.035034,3.141593,8,FALSE
11.00,2601,0.000000,0.000000,0.000000,0.000000,0.000000,0.000000,0.000000,1,FALSE
11.00,2602,-61.821816,-37.994739,-7.258961,-3.362661,-1.272019,-0.794963,0.785398,7,FALSE
11.00,2603,4.698622,42.849072,4.243466,-6.781814,-0.101415,-1.997427,4.712389,6,FALSE
11.00,2604,0.556420,23.264695,-0.278597,-9.404037,0.105833,1.149300,3.141593,8,FALSE
11.50,2601,0.000000,0.000000,0.000000,0.000000,0.000000,0.000000,0.000000,1,FALSE
11.50,2602,-65.451297,-39.676070,-7.224856,-3.435325,-1.277944,-0.785405,0.785398,7,FALSE
11.50,2603,6.820355,39.458165,3.755750,-7.063593,-0.218004,-1.988083,4.712389,6,FALSE
11.50,2604,0.417122,18.562677,-0.229581,-8.405239,0.098030,1.997596,3.141593,8,FALSE
12.00,2601,0.000000,0.000000,0.000000,0.000000,0.000000,0.000000,0.000000,1,FALSE
12.00,2602,-69.063725,-41.393732,-7.194850,-3.497732,-1.282722,-0.777576,0.785398,7,FALSE
12.00,2603,8.698230,35.926369,3.255248,-7.307760,-0.340649,-1.970776,4.712389,6,FALSE
12.00,2604,0.302331,14.360057,-0.191508,-7.405964,0.076147,1.998550,3.141593,8,FALSE
12.50,2601,0.000000,0.000000,0.000000,0.000000,0.000000,0.000000,0.000000,1,FALSE
12.50,2602,-72.661150,-43.142598,-7.168458,-3.551508,-1.286605,-0.771134,0.785398,7,FALSE
12.50,2603,10.325854,32.272489,2.741272,-7.515679,-0.470628,-1.943839,4.712389,6,FALSE
12.50,2604,0.206577,10.657075,-0.158279,-6.406517,0.066457,1.998896,3.141593,8,FALSE
13.00,2601,0.000000,0.000000,0.000000,0.000000,0.000000,0.000000,0.000000,1,FALSE
13.00,2602,-76.245379,-44.918353,-7.145242,-3.597987,-1.289782,-0.765809,0.785398,7,FALSE
13.00,2603,11.696490,28.514650,2.212094,-7.688084,-0.609480,-1.904871,4.712389,6,FALSE
13.00,2604,0.127438,7.453816,-0.127826,-5.406980,0.060907,1.999072,3.141593,8,FALSE
13.50,2601,0.000000,0.000000,0.000000,0.000000,0.000000,0.000000,0.000000,1,FALSE
13.50,2602,-79.818000,-46.717346,-7.124815,-3.638271,-1.292396,-0.761388,0.785398,7,FALSE
13.50,2603,12.802537,24.670607,1.664841,-7.824852,-0.759011,-1.850379,4.712389,6,FALSE
13.50,2604,0.063525,4.750326,-0.099244,-4.407389,0.057164,1.999183,3.141593,8,FALSE
14.00,2601,0.000000,0.000000,0.000000,0.000000,0.000000,0.000000,0.000000,1,FALSE
14.00,2602,-83.380407,-48.536482,-7.106833,-3.673272,-1.294560,-0.757704,0.785398,7,FALSE
14.00,2603,13.634958,20.758182,1.095342,-7.924659,-0.921222,-1.775204,4.712389,6,FALSE
14.00,2604,0.013903,2.546632,-0.072092,-3.407758,0.054304,1.999263,3.141593,8,FALSE
14.50,2601,0.000000,0.000000,0.000000,0.000000,0.000000,0.000000,0.000000,1,FALSE
14.50,2602,-86.933824,-50.373118,-7.090994,-3.703755,-1.296359,-0.754622,0.785398,7,FALSE
14.50,2603,14.182629,16.795852,0.497943,-7.984488,-1.098011,-1.671638,4.712389,6,FALSE
14.50,2604,-0.022143,0.842753,-0.050941,-2.407981,0.042301,1.999553,3.141593,8,FALSE
15.00,2601,0.000000,0.000000,0.000000,0.000000,0.000000,0.000000,0.000000,1,FALSE
15.00,2602,-90.479321,-52.224995,-7.077035,-3.730358,-1.297861,-0.752035,0.785398,7,FALSE
15.00,2603,14.431600,12.803608,-0.134608,-7.998867,-1.290333,-1.528084,4.712389,6,FALSE
15.00,2604,-0.047614,-0.361238,-0.029791,-1.408205,0.042301,1.999553,3.141593,8,FALSE
15.50,2601,0.000000,0.000000,0.000000,0.000000,0.000000,0.000000,0.000000,1,FALSE
15.50,2602,-94.017839,-54.090174,-7.064724,-3.753622,-1.299121,-0.749857,0.785398,7,FALSE
15.50,2603,14.364296,8.804174,-0.810943,-7.958792,-1.496078,-1.327309,4.712389,6,FALSE
15.50,2604,-0.062509,-1.065340,-0.014895,-0.704103,0.029791,1.408205,3.141593,8,FALSE
16.00,2601,0.000000,0.000000,0.000000,0.000000,0.000000,0.000000,0.000000,1,FALSE
16.00,2602,-97.550201,-55.966985,-7.053858,-3.774001,-1.300181,-0.748018,0.785398,7,FALSE
16.00,2603,13.958825,4.824778,-1.539783,-7.850418,-1.705189,-1.045146,4.712389,6,FALSE
16.00,2604,-0.069957,-1.417392,-0.007448,-0.352051,0.014895,0.704103,3.141593,8,FALSE
16.50,2601,0.000000,0.000000,0.000000,0.000000,0.000000,0.000000,0.000000,1,FALSE
16.50,2602,-101.077130,-57.853985,-7.044261,-3.791884,-1.301076,-0.746460,0.785398,7,FALSE
16.50,2603,13.188933,0.899569,-2.326068,-7.654372,-1.890270,-0.653360,4.712389,6,FALSE
16.50,2604,-0.073681,-1.593417,-0.003724,-0.176026,0.007448,0.352051,3.141593,8,FALSE
17.00,2601,0.000000,0.000000,0.000000,0.000000,0.000000,0.000000,0.000000,1,FALSE
17.00,2602,-104.599260,-59.749928,-7.035778,-3.807601,-1.301834,-0.745137,0.785398,7,FALSE
17.00,2603,12.025899,-2.927617,-3.162719,-7.348279,-1.995364,-0.136096,4.712389,6,FALSE
17.00,2604,-0.075543,-1.681430,-0.001862,-0.088013,0.003724,0.176026,3.141593,8,FALSE
17.50,2601,0.000000,0.000000,0.000000,0.000000,0.000000,0.000000,0.000000,1,FALSE
17.50,2602,-108.117149,-61.653728,-7.028275,-3.821433,-1.302478,-0.744011,0.785398,7,FALSE
17.50,2603,10.444539,-6.601757,-4.020678,-6.916224,-1.943246,0.473069,4.712389,6,FALSE
17.50,2604,-0.076474,-1.725436,-0.000931,-0.044006,0.001862,0.088013,3.141593,8,FALSE
18.00,2601,0.000000,0.000000,0.000000,0.000000,0.000000,0.000000,0.000000,1,FALSE
18.00,2602,-111.631287,-63.564445,-7.021633,-3.833623,-1.303026,-0.743050,0.785398,7,FALSE
18.00,2603,8.434201,-10.059869,-4.850587,-6.361746,-1.690597,1.068588,4.712389,6,FALSE
18.00,2604,-0.076939,-1.747440,-0.000465,-0.022003,0.000931,0.044006,3.141593,8,FALSE
18.50,2601,0.000000,0.000000,0.000000,0.000000,0.000000,0.000000,0.000000,1,FALSE
18.50,2602,-115.142103,-65.481256,-7.015750,-3.844379,-1.303494,-0.742228,0.785398,7,FALSE
18.50,2603,6.008907,-13.240741,-5.493060,-5.595437,-1.284946,1.532616,4.712389,6,FALSE
18.50,2604,-0.077172,-1.758441,0.000000,0.000000,0.000465,0.022003,3.141593,8,FALSE
19.00,2601,0.000000,0.000000,0.000000,0.000000,0.000000,0.000000,0.000000,1,FALSE
19.00,2602,-118.649978,-67.403446,-7.010535,-3.853881,-1.303895,-0.741524,0.785398,7,FALSE
19.00,2603,3.262377,-16.038460,-5.906315,-4.684822,-0.826510,1.821231,4.712389,6,FALSE
19.00,2604,-0.077172,-1.758441,0.000000,0.000000,0.000000,0.000000,3.141593,8,FALSE
19.50,2601,0.000000,0.000000,0.000000,0.000000,0.000000,0.000000,0.000000,1,FALSE
19.50,2602,-122.155246,-69.330386,-7.005909,-3.862285,-1.304238,-0.740920,0.785398,7,FALSE
19.50,2603,0.309219,-18.380871,-6.105643,-3.704889,-0.398656,1.959866,4.712389,6,FALSE
19.50,2604,-0.077172,-1.758441,0.000000,0.000000,0.000000,0.000000,3.141593,8,FALSE
20.00,2601,0.000000,0.000000,0.000000,0.000000,0.000000,0.000000,0.000000,1,FALSE
20.00,2602,-125.658200,-71.261529,-7.001803,-3.869724,-1.304533,-0.740400,0.785398,7,FALSE
20.00,2603,-2.743602,-20.233316,-6.122463,-2.705031,-0.033641,1.999717,4.712389,6,FALSE
20.00,2604,-0.077172,-1.758441,0.000000,0.000000,0.000000,0.000000,3.141593,8,FALSE
20.50,2601,0.000000,0.000000,0.000000,0.000000,0.000000,0.000000,0.000000,1,FALSE
20.50,2602,-129.159101,-73.196391,-6.998155,-3.876316,-1.304787,-0.739953,0.785398,7,FALSE
20.50,2603,-5.804834,-21.585831,-5.988095,-1.714099,0.268737,1.981863,4.712389,6,FALSE
20.50,2604,-0.077172,-1.758441,0.000000,0.000000,0.000000,0.000000,3.141593,8,FALSE
21.00,2601,0.000000,0.000000,0.000000,0.000000,0.000000,0.000000,0.000000,1,FALSE
21.00,2602,-132.658179,-75.134548,-6.994914,-3.882162,-1.305006,-0.739567,0.785398,7,FALSE
21.00,2603,-8.798881,-22.442881,-5.728402,-0.748408,0.519385,1.931383,4.712389,6,FALSE
21.00,2604,-0.077172,-1.758441,0.000000,0.000000,0.000000,0.000000,3.141593,8,FALSE
21.50,2601,0.000000,0.000000,0.000000,0.000000,0.000000,0.000000,0.000000,1,FALSE
21.50,2602,-136.155636,-77.075629,-6.992031,-3.887352,-1.305195,-0.739233,0.785398,7,FALSE
21.50,2603,-11.663082,-22.817085,-5.363396,0.182597,0.730013,1.862010,4.712389,6,FALSE
21.50,2604,-0.077172,-1.758441,0.000000,0.000000,0.000000,0.000000,3.141593,8,FALSE
22.00,2601,0.000000,0.000000,0.000000,0.000000,0.000000,0.000000,0.000000,1,FALSE
22.00,2602,-139.651652,-79.019305,-6.989466,-3.891962,-1.305359,-0.738944,0.785398,7,FALSE
22.00,2603,-14.344780,-22.725786,-4.908253,1.073016,0.910285,1.780837,4.712389,6,FALSE
22.00,2604,-0.077172,-1.758441,0.000000,0.000000,0.000000,0.000000,3.141593,8,FALSE
22.50,2601,0.000000,0.000000,0.000000,0.000000,0.000000,0.000000,0.000000,1,FALSE
22.50,2602,-143.146384,-80.965286,-6.987182,-3.896061,-1.305501,-0.738693,0.785398,7,FALSE
22.50,2603,-16.798907,-22.189278,-4.374482,1.918645,1.067542,1.691258,4.712389,6,FALSE
22.50,2604,-0.077172,-1.758441,0.000000,0.000000,0.000000,0.000000,3.141593,8,FALSE
23.00,2601,0.000000,0.000000,0.000000,0.000000,0.000000,0.000000,0.000000,1,FALSE
23.00,2602,-146.639975,-82.913317,-6.985147,-3.899707,-1.305624,-0.738476,0.785398,7,FALSE
23.00,2603,-18.986148,-21.229956,-3.770879,2.715930,1.207206,1.594570,4.712389,6,FALSE
23.00,2604,-0.077172,-1.758441,0.000000,0.000000,0.000000,0.000000,3.141593,8,FALSE
23.50,2601,0.000000,0.000000,0.000000,0.000000,0.000000,0.000000,0.000000,1,FALSE
23.50,2602,-150.132549,-84.863170,-6.983334,-3.902954,-1.305730,-0.738287,0.785398,7,FALSE
23.50,2603,-20.871588,-19.871991,-3.104261,3.461329,1.333236,1.490799,4.712389,6,FALSE
23.50,2604,-0.077172,-1.758441,0.000000,0.000000,0.000000,0.000000,3.141593,8,FALSE
24.00,2601,0.000000,0.000000,0.000000,0.000000,0.000000,0.000000,0.000000,1,FALSE
24.00,2602,-153.624216,-86.814647,-6.981716,-3.905846,-1.305823,-0.738123,0.785398,7,FALSE
24.00,2603,-22.423718,-18.141327,-2.380024,4.150881,1.448474,1.379102,4.712389,6,FALSE
24.00,2604,-0.077172,-1.758441,0.000000,0.000000,0.000000,0.000000,3.141593,8,FALSE
24.50,2601,0.000000,0.000000,0.000000,0.000000,0.000000,0.000000,0.000000,1,FALSE
24.50,2602,-157.115074,-88.767571,-6.980273,-3.908425,-1.305904,-0.737980,0.785398,7,FALSE
24.50,2603,-23.613731,-16.065886,-1.602590,4.779844,1.554870,1.257927,4.712389,6,FALSE
24.50,2604,-0.077172,-1.758441,0.000000,0.000000,0.000000,0.000000,3.141593,8,FALSE
25.00,2601,0.000000,0.000000,0.000000,0.000000,0.000000,0.000000,0.000000,1,FALSE
25.00,2602,-160.605211,-90.721783,-6.978985,-3.910724,-1.305975,-0.737855,0.785398,7,FALSE
25.00,2603,-24.415026,-13.675964,-0.775802,5.342359,1.653575,1.125029,4.712389,6,FALSE
25.00,2604,-0.077172,-1.758441,0.000000,0.000000,0.000000,0.000000,3.141593,8,FALSE
25.50,2601,0.000000,0.000000,0.000000,0.000000,0.000000,0.000000,0.000000,1,FALSE
25.50,2602,-164.094703,-92.677145,-6.977835,-3.912777,-1.306036,-0.737746,0.785398,7,FALSE
25.50,2603,-24.802927,-11.004785,0.096650,5.831059,1.744904,0.977400,4.712389,6,FALSE
25.50,2604,-0.077172,-1.758441,0.000000,0.000000,0.000000,0.000000,3.141593,8,FALSE
26.00,2601,0.000000,0.000000,0.000000,0.000000,0.000000,0.000000,0.000000,1,FALSE
26.00,2602,-167.583621,-94.633534,-6.976807,-3.914609,-1.306090,-0.737651,0.785398,7,FALSE
26.00,2603,-24.754602,-8.089256,1.010717,6.236620,1.828135,0.811123,4.712389,6,FALSE
26.00,2604,-0.077172,-1.758441,0.000000,0.000000,0.000000,0.000000,3.141593,8,FALSE
26.50,2601,0.000000,0.000000,0.000000,0.000000,0.000000,0.000000,0.000000,1,FALSE
26.50,2602,-171.072024,-96.590838,-6.975888,-3.916247,-1.306137,-0.737568,0.785398,7,FALSE
26.50,2603,-24.249243,-4.970945,1.961253,6.547235,1.901072,0.621228,4.712389,6,FALSE
26.50,2604,-0.077172,-1.758441,0.000000,0.000000,0.000000,0.000000,3.141593,8,FALSE
27.00,2601,0.000000,0.000000,0.000000,0.000000,0.000000,0.000000,0.000000,1,FALSE
27.00,2602,-174.559968,-98.548962,-6.975066,-3.917710,-1.306178,-0.737495,0.785398,7,FALSE
27.00,2603,-23.268617,-1.697328,2.940882,6.748052,1.959257,0.401636,4.712389,6,FALSE
27.00,2604,-0.077172,-1.758441,0.000000,0.000000,0.000000,0.000000,3.141593,8,FALSE
27.50,2601,0.000000,0.000000,0.000000,0.000000,0.000000,0.000000,0.000000,1,FALSE
27.50,2602,-178.047501,-100.507817,-6.974331,-3.919019,-1.306214,-0.737432,0.785398,7,FALSE
27.50,2603,-21.798176,1.676698,3.938232,6.820804,1.994700,0.145503,4.712389,6,FALSE
27.50,2604,-0.077172,-1.758441,0.000000,0.000000,0.000000,0.000000,3.141593,8,FALSE
28.00,2601,0.000000,0.000000,0.000000,0.000000,0.000000,0.000000,0.000000,1,FALSE
28.00,2602,-181.534667,-102.467326,-6.973673,-3.920189,-1.306245,-0.737376,0.785398,7,FALSE
28.00,2603,-19.829060,5.087100,4.724436,6.455982,1.994110,-0.153385,4.712389,6,FALSE
28.00,2604,-0.077172,-1.758441,0.000000,0.000000,0.000000,0.000000,3.141593,8,FALSE
28.50,2601,0.000000,0.000000,0.000000,0.000000,0.000000,0.000000,0.000000,1,FALSE
28.50,2602,-185.021503,-104.427421,-6.973084,-3.921237,-1.306273,-0.737326,0.785398,7,FALSE
28.50,2603,-17.466842,8.315091,5.407281,5.895872,1.937264,-0.497001,4.712389,6,FALSE
28.50,2604,-0.077172,-1.758441,0.000000,0.000000,0.000000,0.000000,3.141593,8,FALSE
29.00,2601,0.000000,0.000000,0.000000,0.000000,0.000000,0.000000,0.000000,1,FALSE
29.00,2602,-188.508045,-106.388039,-6.972556,-3.922175,-1.306298,-0.737283,0.785398,7,FALSE
29.00,2603,-14.763201,11.263027,6.046836,5.237917,1.805819,-0.859660,4.712389,6,FALSE
29.00,2604,-0.077172,-1.758441,0.000000,0.000000,0.000000,0.000000,3.141593,8,FALSE
29.50,2601,0.000000,0.000000,0.000000,0.000000,0.000000,0.000000,0.000000,1,FALSE
29.50,2602,-191.994323,-108.349127,-6.972084,-3.923016,-1.306319,-0.737245,0.785398,7,FALSE
29.50,2603,-11.739783,13.881986,6.624903,4.484491,1.590091,-1.213100,4.712389,6,FALSE
29.50,2604,-0.077172,-1.758441,0.000000,0.000000,0.000000,0.000000,3.141593,8,FALSE
30.00,2601,0.000000,0.000000,0.000000,0.000000,0.000000,0.000000,0.000000,1,FALSE
30.00,2602,-195.480365,-110.310634,-6.971660,-3.923769,-1.306338,-0.737212,0.785398,7,FALSE
30.00,2603,-8.427332,16.124231,7.121561,3.644636,1.291467,-1.527126,4.712389,6,FALSE
30.00,2604,-0.077172,-1.758441,0.000000,0.000000,0.000000,0.000000,3.141593,8,FALSE
30.50,2601,0.000000,0.000000,0.000000,0.000000,0.000000,0.000000,0.000000,1,FALSE
30.50,2602,-198.966195,-112.272519,-6.971280,-3.924444,-1.306354,-0.737183,0.785398,7,FALSE
30.50,2603,-4.866551,17.946549,7.518256,2.734196,0.926401,-1.772507,4.712389,6,FALSE
30.50,2604,-0.077172,-1.758441,0.000000,0.000000,0.000000,0.000000,3.141593,8,FALSE
31.00,2601,0.000000,0.000000,0.000000,0.000000,0.000000,0.000000,0.000000,1,FALSE
31.00,2602,-202.451835,-114.234741,-6.970939,-3.925049,-1.306369,-0.737157,0.785398,7,FALSE
31.00,2603,-1.107423,19.313647,7.779973,1.769051,0.523435,-1.930289,4.712389,6,FALSE
31.00,2604,-0.077172,-1.758441,0.000000,0.000000,0.000000,0.000000,3.141593,8,FALSE
31.50,2601,0.000000,0.000000,0.000000,0.000000,0.000000,0.000000,0.000000,1,FALSE
31.50,2602,-205.937304,-116.197265,-6.970633,-3.925592,-1.306382,-0.737134,0.785398,7,FALSE
31.50,2603,2.782564,20.198173,7.837218,0.770691,0.114490,-1.996720,4.712389,6,FALSE
31.50,2604,-0.077172,-1.758441,0.000000,0.000000,0.000000,0.000000,3.141593,8,FALSE
32.00,2601,0.000000,0.000000,0.000000,0.000000,0.000000,0.000000,0.000000,1,FALSE
32.00,2602,-209.422621,-118.160061,-6.970359,-3.926079,-1.306393,-0.737114,0.785398,7,FALSE
32.00,2603,6.701173,20.583518,7.700744,-0.219953,-0.272948,-1.981287,4.712389,6,FALSE
32.00,2604,-0.077172,-1.758441,0.000000,0.000000,0.000000,0.000000,3.141593,8,FALSE
32.50,2601,0.000000,0.000000,0.000000,0.000000,0.000000,0.000000,0.000000,1,FALSE
32.50,2602,-212.907800,-120.123101,-6.970112,-3.926517,-1.306403,-0.737096,0.785398,7,FALSE
32.50,2603,10.551545,20.473542,7.391176,-1.170830,-0.619136,-1.901755,4.712389,6,FALSE
32.50,2604,-0.077172,-1.758441,0.000000,0.000000,0.000000,0.000000,3.141593,8,FALSE
33.00,2601,0.000000,0.000000,0.000000,0.000000,0.000000,0.000000,0.000000,1,FALSE
33.00,2602,-216.392857,-122.086359,-6.969891,-3.926909,-1.306412,-0.737081,0.785398,7,FALSE
33.00,2603,14.247133,19.888127,6.933063,-2.059724,-0.916227,-1.777788,4.712389,6,FALSE
33.00,2604,-0.077172,-1.758441,0.000000,0.000000,0.000000,0.000000,3.141593,8,FALSE
33.50,2601,0.000000,0.000000,0.000000,0.000000,0.000000,0.000000,0.000000,1,FALSE
33.50,2602,-219.877802,-124.049814,-6.969692,-3.927262,-1.306420,-0.737067,0.785398,7,FALSE
33.50,2603,17.713665,18.858265,6.350707,-2.872657,-1.164712,-1.625867,4.712389,6,FALSE
33.50,2604,-0.077172,-1.758441,0.000000,0.000000,0.000000,0.000000,3.141593,8,FALSE
34.00,2601,0.000000,0.000000,0.000000,0.000000,0.000000,0.000000,0.000000,1,FALSE
34.00,2602,-223.362648,-126.013445,-6.969514,-3.927579,-1.306427,-0.737055,0.785398,7,FALSE
34.00,2603,20.889018,17.421936,5.666066,-3.601538,-1.369282,-1.457761,4.712389,6,FALSE
34.00,2604,-0.077172,-1.758441,0.000000,0.000000,0.000000,0.000000,3.141593,8,FALSE
34.50,2601,0.000000,0.000000,0.000000,0.000000,0.000000,0.000000,0.000000,1,FALSE
34.50,2602,-226.847405,-127.977234,-6.969353,-3.927864,-1.306433,-0.737044,0.785398,7,FALSE
34.50,2603,23.722051,15.621167,4.898105,-4.242035,-1.535921,-1.280994,4.712389,6,FALSE
34.50,2604,-0.077172,-1.758441,0.000000,0.000000,0.000000,0.000000,3.141593,8,FALSE
35.00,2601,0.000000,0.000000,0.000000,0.000000,0.000000,0.000000,0.000000,1,FALSE
35.00,2602,-230.332082,-129.941166,-6.969209,-3.928120,-1.306438,-0.737034,0.785398,7,FALSE
35.00,2603,26.171104,13.500150,4.062924,-4.792009,-1.670363,-1.099948,4.712389,6,FALSE
35.00,2604,-0.077172,-1.758441,0.000000,0.000000,0.000000,0.000000,3.141593,8,FALSE
35.50,2601,0.000000,0.000000,0.000000,0.000000,0.000000,0.000000,0.000000,1,FALSE
35.50,2602,-233.816687,-131.905226,-6.969079,-3.928350,-1.306443,-0.737026,0.785398,7,FALSE
35.50,2603,28.202565,11.104145,3.174199,-5.250451,-1.777449,-0.916883,4.712389,6,FALSE
35.50,2604,-0.077172,-1.758441,0.000000,0.000000,0.000000,0.000000,3.141593,8,FALSE
36.00,2601,0.000000,0.000000,0.000000,0.000000,0.000000,0.000000,0.000000,1,FALSE
36.00,2602,-237.301226,-133.869401,-6.968963,-3.928557,-1.306447,-0.737018,0.785398,7,FALSE
36.00,2603,29.789665,8.478920,2.243723,-5.616805,-1.860951,-0.732709,4.712389,6,FALSE
36.00,2604,-0.077172,-1.758441,0.000000,0.000000,0.000000,0.000000,3.141593,8,FALSE
36.50,2601,0.000000,0.000000,0.000000,0.000000,0.000000,0.000000,0.000000,1,FALSE
36.50,2602,-240.785708,-135.833679,-6.968858,-3.928743,-1.306451,-0.737012,0.785398,7,FALSE
36.50,2603,30.911527,5.670517,1.281924,-5.890558,-1.923600,-0.547507,4.712389,6,FALSE
36.50,2604,-0.077172,-1.758441,0.000000,0.000000,0.000000,0.000000,3.141593,8,FALSE
37.00,2601,0.000000,0.000000,0.000000,0.000000,0.000000,0.000000,0.000000,1,FALSE
37.00,2602,-244.270136,-137.798051,-6.968763,-3.928911,-1.306454,-0.737006,0.785398,7,FALSE
37.00,2603,31.552488,2.725238,0.298336,-6.070991,-1.967175,-0.360865,4.712389,6,FALSE
37.00,2604,-0.077172,-1.758441,0.000000,0.000000,0.000000,0.000000,3.141593,8,FALSE
37.50,2601,0.000000,0.000000,0.000000,0.000000,0.000000,0.000000,0.000000,1,FALSE
37.50,2602,-247.754518,-139.762506,-6.968678,-3.929061,-1.306457,-0.737001,0.785398,7,FALSE
37.50,2603,31.701657,-0.310257,-0.697954,-6.157042,-1.992581,-0.172102,4.712389,6,FALSE
37.50,2604,-0.077172,-1.758441,0.000000,0.000000,0.000000,0.000000,3.141593,8,FALSE
38.00,2601,0.000000,0.000000,0.000000,0.000000,0.000000,0.000000,0.000000,1,FALSE
38.00,2602,-251.238857,-141.727037,-6.968602,-3.929197,-1.306460,-0.736996,0.785398,7,FALSE
38.00,2603,31.352679,-3.388778,-1.697907,-6.147256,-1.999904,0.019573,4.712389,6,FALSE
38.00,2604,-0.077172,-1.758441,0.000000,0.000000,0.000000,0.000000,3.141593,8,FALSE
38.50,2601,0.000000,0.000000,0.000000,0.000000,0.000000,0.000000,0.000000,1,FALSE
38.50,2602,-254.723158,-143.691635,-6.968533,-3.929319,-1.306462,-0.736992,0.785398,7,FALSE
38.50,2603,30.503726,-6.462406,-2.692116,-6.039796,-1.988419,0.214920,4.712389,6,FALSE
38.50,2604,-0.077172,-1.758441,0.000000,0.000000,0.000000,0.000000,3.141593,8,FALSE
39.00,2601,0.000000,0.000000,0.000000,0.000000,0.000000,0.000000,0.000000,1,FALSE
39.00,2602,-258.207424,-145.656295,-6.968471,-3.929430,-1.306464,-0.736988,0.785398,7,FALSE
39.00,2603,29.157668,-9.482305,-3.670403,-5.832540,-1.956573,0.414512,4.712389,6,FALSE
39.00,2604,-0.077172,-1.758441,0.000000,0.000000,0.000000,0.000000,3.141593,8,FALSE
39.50,2601,0.000000,0.000000,0.000000,0.000000,0.000000,0.000000,0.000000,1,FALSE
39.50,2602,-261.691660,-147.621010,-6.968415,-3.929529,-1.306466,-0.736985,0.785398,7,FALSE
39.50,2603,27.322467,-12.398574,-4.621379,-5.523275,-1.901952,0.618530,4.712389,6,FALSE
39.50,2604,-0.077172,-1.758441,0.000000,0.000000,0.000000,0.000000,3.141593,8,FALSE
40.00,2601,0.000000,0.000000,0.000000,0.000000,0.000000,0.000000,0.000000,1,FALSE
40.00,2602,-265.175867,-149.585774,-6.968364,-3.929618,-1.306468,-0.736982,0.785398,7,FALSE
40.00,2603,25.011777,-15.160212,-5.532005,-5.110045,-1.821253,0.826461,4.712389,6,FALSE
40.00,2604,-0.077172,-1.758441,0.000000,0.000000,0.000000,0.000000,3.141593,8,FALSE
40.50,2601,0.000000,0.000000,0.000000,0.000000,0.000000,0.000000,0.000000,1,FALSE
40.50,2602,-268.660049,-151.550583,-6.968319,-3.929699,-1.306469,-0.736979,0.785398,7,FALSE
40.50,2603,22.245775,-17.715234,-6.387179,-4.591704,-1.710348,1.036681,4.712389,6,FALSE
40.50,2604,-0.077172,-1.758441,0.000000,0.000000,0.000000,0.000000,3.141593,8,FALSE
41.00,2601,0.000000,0.000000,0.000000,0.000000,0.000000,0.000000,0.000000,1,FALSE
41.00,2602,-272.144209,-153.515432,-6.968278,-3.929771,-1.306470,-0.736977,0.785398,7,FALSE
41.00,2603,19.052185,-20.011086,-6.999163,-3.874495,-1.564526,1.245897,4.712389,6,FALSE
41.00,2604,-0.077172,-1.758441,0.000000,0.000000,0.000000,0.000000,3.141593,8,FALSE
41.50,2601,0.000000,0.000000,0.000000,0.000000,0.000000,0.000000,0.000000,1,FALSE
41.50,2602,-275.628348,-155.480318,-6.968241,-3.929837,-1.306471,-0.736975,0.785398,7,FALSE
41.50,2603,15.552603,-21.948334,-7.402732,-3.033079,-1.379083,1.448492,4.712389,6,FALSE
41.50,2604,-0.077172,-1.758441,0.000000,0.000000,0.000000,0.000000,3.141593,8,FALSE
42.00,2601,0.000000,0.000000,0.000000,0.000000,0.000000,0.000000,0.000000,1,FALSE
42.00,2602,-279.112469,-157.445236,-6.968208,-3.929895,-1.306472,-0.736973,0.785398,7,FALSE
42.00,2603,11.851238,-23.464873,-7.708083,-2.141368,-1.156325,1.631843,4.712389,6,FALSE
42.00,2604,-0.077172,-1.758441,0.000000,0.000000,0.000000,0.000000,3.141593,8,FALSE
42.50,2601,0.000000,0.000000,0.000000,0.000000,0.000000,0.000000,0.000000,1,FALSE
42.50,2602,-282.596572,-159.410184,-6.968178,-3.929949,-1.306473,-0.736972,0.785398,7,FALSE
42.50,2603,7.997196,-24.535557,-7.907912,-1.210340,-0.901651,1.785224,4.712389,6,FALSE
42.50,2604,-0.077172,-1.758441,0.000000,0.000000,0.000000,0.000000,3.141593,8,FALSE
43.00,2601,0.000000,0.000000,0.000000,0.000000,0.000000,0.000000,0.000000,1,FALSE
43.00,2602,-286.080661,-161.375158,-6.968151,-3.929997,-1.306474,-0.736970,0.785398,7,FALSE
43.00,2603,4.043240,-25.140727,-7.996012,-0.252564,-0.619794,1.901540,4.712389,6,FALSE
43.00,2604,-0.077172,-1.758441,0.000000,0.000000,0.000000,0.000000,3.141593,8,FALSE
43.50,2601,0.000000,0.000000,0.000000,0.000000,0.000000,0.000000,0.000000,1,FALSE
43.50,2602,-289.564737,-163.340157,-6.968126,-3.930040,-1.306475,-0.736969,0.785398,7,FALSE
43.50,2603,0.045234,-25.267009,-7.967724,0.717894,-0.317568,1.974627,4.712389,6,FALSE
43.50,2604,-0.077172,-1.758441,0.000000,0.000000,0.000000,0.000000,3.141593,8,FALSE
44.00,2601,0.000000,0.000000,0.000000,0.000000,0.000000,0.000000,0.000000,1,FALSE
44.00,2602,-293.048800,-165.305177,-6.968104,-3.930079,-1.306476,-0.736968,0.785398,7,FALSE
44.00,2603,-3.938628,-24.908062,-7.820375,1.685744,-0.003580,1.999997,4.712389,6,FALSE
44.00,2604,-0.077172,-1.758441,0.000000,0.000000,0.000000,0.000000,3.141593,8,FALSE
44.50,2601,0.000000,0.000000,0.000000,0.000000,0.000000,0.000000,0.000000,1,FALSE
44.50,2602,-296.532852,-167.270216,-6.968085,-3.930114,-1.306476,-0.736967,0.785398,7,FALSE
44.50,2603,-7.848816,-24.065189,-7.553627,2.634905,0.312372,1.975455,4.712389,6,FALSE
44.50,2604,-0.077172,-1.758441,0.000000,0.000000,0.000000,0.000000,3.141593,8,FALSE
45.00,2601,0.000000,0.000000,0.000000,0.000000,0.000000,0.000000,0.000000,1,FALSE
45.00,2602,-300.016895,-169.235273,-6.968067,-3.930146,-1.306477,-0.736966,0.785398,7,FALSE
45.00,2603,-11.625629,-22.747737,-7.169676,3.549048,0.620146,1.901425,4.712389,6,FALSE
45.00,2604,-0.077172,-1.758441,0.000000,0.000000,0.000000,0.000000,3.141593,8,FALSE
45.50,2601,0.000000,0.000000,0.000000,0.000000,0.000000,0.000000,0.000000,1,FALSE
45.50,2602,-303.500928,-171.200346,-6.968050,-3.930175,-1.306477,-0.736965,0.785398,7,FALSE
45.50,2603,-15.210467,-20.973213,-6.673279,4.412181,0.910161,1.780901,4.712389,6,FALSE
45.50,2604,-0.077172,-1.758441,0.000000,0.000000,0.000000,0.000000,3.141593,8,FALSE
46.00,2601,0.000000,0.000000,0.000000,0.000000,0.000000,0.000000,0.000000,1,FALSE
46.00,2602,-306.984953,-173.165434,-6.968036,-3.930201,-1.306477,-0.736964,0.785398,7,FALSE
46.00,2603,-18.547107,-18.767122,-6.071603,5.209188,1.174182,1.619042,4.712389,6,FALSE
46.00,2604,-0.077172,-1.758441,0.000000,0.000000,0.000000,0.000000,3.141593,8,FALSE
46.50,2601,0.000000,0.000000,0.000000,0.000000,0.000000,0.000000,0.000000,1,FALSE
46.50,2602,-310.468971,-175.130534,-6.968023,-3.930224,-1.306478,-0.736964,0.785398,7,FALSE
46.50,2603,-21.582908,-16.162528,-5.368677,5.920452,1.405851,1.422527,4.712389,6,FALSE
46.50,2604,-0.077172,-1.758441,0.000000,0.000000,0.000000,0.000000,3.141593,8,FALSE
47.00,2601,0.000000,0.000000,0.000000,0.000000,0.000000,0.000000,0.000000,1,FALSE
47.00,2602,-313.952982,-177.095646,-6.968011,-3.930245,-1.306478,-0.736963,0.785398,7,FALSE
47.00,2603,-24.267247,-13.202302,-4.568239,6.519866,1.600877,1.198829,4.712389,6,FALSE
47.00,2604,-0.077172,-1.758441,0.000000,0.000000,0.000000,0.000000,3.141593,8,FALSE
47.50,2601,0.000000,0.000000,0.000000,0.000000,0.000000,0.000000,0.000000,1,FALSE
47.50,2602,-317.436988,-179.060768,-6.968000,-3.930264,-1.306478,-0.736963,0.785398,7,FALSE
47.50,2603,-26.551366,-9.942369,-3.689821,6.997759,1.756836,0.955786,4.712389,6,FALSE
47.50,2604,-0.077172,-1.758441,0.000000,0.000000,0.000000,0.000000,3.141593,8,FALSE
48.00,2601,0.000000,0.000000,0.000000,0.000000,0.000000,0.000000,0.000000,1,FALSE
48.00,2602,-320.920988,-181.025901,-6.967990,-3.930282,-1.306479,-0.736962,0.785398,7,FALSE
48.00,2603,-28.396277,-6.443490,-2.753325,7.348438,1.872992,0.701357,4.712389,6,FALSE
48.00,2604,-0.077172,-1.758441,0.000000,0.000000,0.000000,0.000000,3.141593,8,FALSE
48.50,2601,0.000000,0.000000,0.000000,0.000000,0.000000,0.000000,0.000000,1,FALSE
48.50,2602,-324.404983,-182.991041,-6.967981,-3.930297,-1.306479,-0.736962,0.785398,7,FALSE
48.50,2603,-29.772939,-2.769271,-1.778116,7.569725,1.950417,0.442575,4.712389,6,FALSE
48.50,2604,-0.077172,-1.758441,0.000000,0.000000,0.000000,0.000000,3.141593,8,FALSE
49.00,2601,0.000000,0.000000,0.000000,0.000000,0.000000,0.000000,0.000000,1,FALSE
49.00,2602,-327.888973,-184.956190,-6.967973,-3.930311,-1.306479,-0.736961,0.785398,7,FALSE
49.00,2603,-30.661997,1.015592,-0.782414,7.662339,1.991404,0.185227,4.712389,6,FALSE
49.00,2604,-0.077172,-1.758441,0.000000,0.000000,0.000000,0.000000,3.141593,8,FALSE
49.50,2601,0.000000,0.000000,0.000000,0.000000,0.000000,0.000000,0.000000,1,FALSE
49.50,2602,-331.372960,-186.921345,-6.967966,-3.930324,-1.306479,-0.736961,0.785398,7,FALSE
49.50,2603,-31.053204,4.846761,0.217038,7.629235,1.998904,-0.066208,4.712389,6,FALSE
49.50,2604,-0.077172,-1.758441,0.000000,0.000000,0.000000,0.000000,3.141593,8,FALSE
50.00,2601,0.000000,0.000000,0.000000,0.000000,0.000000,0.000000,0.000000,1,FALSE
50.00,2602,-334.856943,-188.886507,-6.967960,-3.930335,-1.306479,-0.736961,0.785398,7,FALSE
50.00,2603,-30.944685,8.661378,1.205076,7.475022,1.976076,-0.308424,4.712389,6,FALSE
50.00,2604,-0.077172,-1.758441,0.000000,0.000000,0.000000,0.000000,3.141593,8,FALSE
